
%%
dataLibrary = 'data_opt_unal';

%%
lightp = 16;
initialIntI0 = 80;
finalIntI0 = 200;
tf = 300;
b_exp = 1;

P0 = [lightp;initialIntI0;finalIntI0;tf;b_exp];

%%
fitnessFun = @(P) fitnessFunction(P,dataLibrary);
[f0,solution0] = fitnessFunction(P0,dataLibrary);
[Warning: Using fixed time method] 
[> In <a href="matlab:matlab.internal.language.introspective.errorDocCallback('sFBA', '/home/juan/thesis/photoBioreactor_v12/calculation/sFBA.m', 42)" style="font-weight:bold">sFBA</a> (<a href="matlab: opentoline('/home/juan/thesis/photoBioreactor_v12/calculation/sFBA.m',42,0)">line 42</a>)
  In <a href="matlab:matlab.internal.language.introspective.errorDocCallback('evaluateModel_opt', '/home/juan/thesis/photoBioreactor_v12/optimization/evaluateModel_opt.m', 6)" style="font-weight:bold">evaluateModel_opt</a> (<a href="matlab: opentoline('/home/juan/thesis/photoBioreactor_v12/optimization/evaluateModel_opt.m',6,0)">line 6</a>)
  In <a href="matlab:matlab.internal.language.introspective.errorDocCallback('fitnessFunction', '/home/juan/thesis/photoBioreactor_v12/optimization/fitnessFunction.m', 5)" style="font-weight:bold">fitnessFunction</a> (<a href="matlab: opentoline('/home/juan/thesis/photoBioreactor_v12/optimization/fitnessFunction.m',5,0)">line 5</a>)] 

|     |I (umol/m2 s) |         Biomass (g/L)         |      Compounds (mM)   |        |                      Rates (mmol/gDW h)                 |     |
 Time   intI   extI      X      TAG     STA      XT      N       C       O       Qn     rx     rTAG     rSTA   rN_kin     rN       rC      rO2     AI      LR      SP
  0.0    80.0     0.0   0.070   0.015   0.015   0.100   1.514   1.724   1.724   6.500   0.000   0.001   0.064   -0.033   0.000   -2.436   2.464    11   0.041   0.000
  1.0    80.6     0.0   0.070   0.015   0.019   0.105   1.511   1.724   1.724   6.533   0.016   0.002   0.012   -0.029   -0.083   -1.184   1.278    11   0.114   0.577
  2.0    81.2     0.0   0.071   0.015   0.020   0.107   1.509   1.724   1.724   6.479   0.014   0.002   0.007   -0.035   -0.074   -0.918   1.013    11   0.114   0.664
  3.0    81.8     0.0   0.072   0.015   0.021   0.108   1.507   1.724   1.724   6.440   0.014   0.002   0.007   -0.040   -0.071   -0.873   0.964    12   0.115   0.673
  4.0    82.4     0.0   0.073   0.015   0.021   0.110   1.504   1.724   1.724   6.409   0.013   0.002   0.007   -0.043   -0.069   -0.845   0.934    12   0.116   0.675
  5.0    82.9     0.0   0.074   0.016   0.022   0.111   1.501   1.724   1.724   6.383   0.013   0.001   0.006   -0.046   -0.067   -0.820   0.907    12   0.116   0.677
  6.0    83.5     0.0   0.075   0.016   0.022   0.113   1.497   1.724   1.724   6.363   0.013   0.001   0.006   -0.049   -0.065   -0.796   0.881    12   0.116   0.679
  7.0    84.1     0.0   0.076   0.016   0.023   0.115   1.494   1.724   1.724   6.346   0.012   0.001   0.006   -0.050   -0.063   -0.773   0.856    13   0.117   0.680
  8.0    84.7     0.0   0.077   0.016   0.023   0.116   1.490   1.724   1.724   6.333   0.012   0.001   0.006   -0.052   -0.062   -0.752   0.830    13   0.117   0.682
  9.0    85.3     0.0   0.078   0.016   0.024   0.118   1.486   1.724   1.724   6.323   0.012   0.001   0.006   -0.053   -0.060   -0.732   0.810    13   0.117   0.683
 10.0    85.9     0.0   0.079   0.016   0.024   0.119   1.482   1.724   1.724   6.315   0.011   0.001   0.005   -0.054   -0.059   -0.714   0.789    14   0.117   0.685
 11.0    86.5     0.0   0.080   0.016   0.024   0.120   1.477   1.724   1.724   6.310   0.011   0.001   0.005   -0.054   -0.057   -0.687   0.762    12   0.117   0.686
 12.0    87.1     0.0   0.081   0.016   0.025   0.122   1.473   1.724   1.724   6.307   0.011   0.001   0.005   -0.054   -0.056   -0.671   0.743    13   0.117   0.687
 13.0    87.6     0.0   0.081   0.016   0.025   0.123   1.469   1.724   1.724   6.306   0.011   0.001   0.005   -0.054   -0.054   -0.655   0.744    13   0.117   0.688
 14.0    88.2     0.0   0.082   0.016   0.026   0.124   1.464   1.724   1.724   6.306   0.010   0.001   0.005   -0.054   -0.053   -0.638   0.725    13   0.117   0.689
 15.0    88.8     0.0   0.083   0.017   0.026   0.126   1.460   1.724   1.724   6.307   0.010   0.001   0.005   -0.054   -0.052   -0.622   0.705    14   0.117   0.690
 16.0     0.0     0.0   0.084   0.017   0.026   0.127   1.455   1.724   1.724   6.309   0.005   0.000   -0.006   -0.054   -0.025   0.022   -0.007     0   0.117   0.691
 17.0     0.0     0.0   0.084   0.017   0.026   0.127   1.451   1.724   1.724   6.338   0.005   0.000   -0.006   -0.050   -0.025   0.022   -0.007     0   0.117   0.691
 18.0     0.0     0.0   0.085   0.017   0.025   0.127   1.447   1.724   1.724   6.363   0.005   0.000   -0.006   -0.047   -0.025   0.022   -0.006     0   0.116   0.680
 19.0     0.0     0.0   0.085   0.017   0.025   0.127   1.443   1.724   1.724   6.385   0.005   0.000   -0.006   -0.045   -0.024   0.021   -0.006     0   0.116   0.670
 20.0     0.0     0.0   0.086   0.017   0.024   0.127   1.439   1.724   1.724   6.405   0.004   0.000   -0.006   -0.042   -0.024   0.021   -0.006     0   0.116   0.659
 21.0     0.0     0.0   0.086   0.017   0.024   0.127   1.435   1.724   1.724   6.424   0.004   0.000   -0.005   -0.040   -0.023   0.020   -0.006     0   0.115   0.649
 22.0     0.0     0.0   0.086   0.017   0.024   0.127   1.432   1.724   1.724   6.440   0.004   0.000   -0.005   -0.038   -0.023   0.020   -0.006     0   0.115   0.639
 23.0     0.0     0.0   0.087   0.017   0.023   0.127   1.429   1.724   1.724   6.456   0.004   0.000   -0.005   -0.036   -0.023   0.020   -0.006     0   0.115   0.629

|     |I (umol/m2 s) |         Biomass (g/L)         |      Compounds (mM)   |        |                      Rates (mmol/gDW h)                 |     |
 Time   intI   extI      X      TAG     STA      XT      N       C       O       Qn     rx     rTAG     rSTA   rN_kin     rN       rC      rO2     AI      LR      SP
 24.0    89.4     0.0   0.087   0.017   0.023   0.127   1.425   1.724   1.724   6.469   0.010   0.001   0.006   -0.035   -0.050   -0.668   0.736    17   0.115   0.619
 25.0    90.0     0.0   0.088   0.017   0.023   0.128   1.422   1.724   1.724   6.454   0.009   0.001   0.006   -0.036   -0.048   -0.652   0.715    16   0.115   0.610
 26.0    90.6     0.0   0.089   0.017   0.024   0.129   1.419   1.724   1.724   6.443   0.009   0.001   0.006   -0.038   -0.046   -0.613   0.673    14   0.115   0.614
 27.0    91.2     0.0   0.090   0.017   0.024   0.131   1.416   1.724   1.724   6.435   0.008   0.001   0.005   -0.038   -0.042   -0.568   0.622    13   0.115   0.618
 28.0    91.8     0.0   0.090   0.017   0.025   0.132   1.412   1.724   1.724   6.431   0.008   0.001   0.005   -0.039   -0.041   -0.552   0.604    17   0.115   0.622
 29.0    92.4     0.0   0.091   0.017   0.025   0.133   1.409   1.724   1.724   6.428   0.007   0.001   0.004   -0.039   -0.037   -0.490   0.539    15   0.115   0.625
 30.0    92.9     0.0   0.092   0.017   0.025   0.135   1.405   1.724   1.724   6.430   0.006   0.001   0.004   -0.039   -0.030   -0.402   0.439    10   0.115   0.628
 31.0    93.5     0.0   0.092   0.017   0.026   0.135   1.402   1.724   1.724   6.438   0.006   0.001   0.004   -0.038   -0.030   -0.397   0.434    10   0.115   0.630
 32.0    94.1     0.0   0.093   0.018   0.026   0.136   1.398   1.724   1.724   6.446   0.006   0.001   0.003   -0.037   -0.030   -0.392   0.429    10   0.115   0.632
 33.0    94.7     0.0   0.093   0.018   0.026   0.137   1.395   1.724   1.724   6.453   0.006   0.001   0.003   -0.036   -0.030   -0.388   0.426    10   0.115   0.634
 34.0    95.3     0.0   0.094   0.018   0.027   0.138   1.391   1.724   1.724   6.459   0.006   0.001   0.003   -0.035   -0.030   -0.385   0.423    10   0.115   0.636
 35.0    95.9     0.0   0.094   0.018   0.027   0.139   1.388   1.724   1.724   6.465   0.006   0.001   0.003   -0.035   -0.029   -0.382   0.419    10   0.115   0.638
 36.0    96.5     0.0   0.095   0.018   0.027   0.140   1.385   1.724   1.724   6.470   0.006   0.001   0.003   -0.034   -0.029   -0.379   0.416    10   0.115   0.640
 37.0    97.1     0.0   0.095   0.018   0.028   0.141   1.382   1.724   1.724   6.474   0.006   0.001   0.003   -0.033   -0.029   -0.377   0.413    10   0.114   0.641
 38.0    97.6     0.0   0.096   0.018   0.028   0.142   1.378   1.724   1.724   6.479   0.006   0.001   0.003   -0.033   -0.029   -0.374   0.410    10   0.114   0.643
 39.0    98.2     0.0   0.097   0.018   0.028   0.143   1.375   1.724   1.724   6.482   0.006   0.001   0.003   -0.032   -0.029   -0.371   0.407    10   0.114   0.645
 40.0     0.0     0.0   0.097   0.018   0.029   0.144   1.372   1.724   1.724   6.486   0.004   0.000   -0.006   -0.032   -0.024   0.020   -0.006     0   0.114   0.646
 41.0     0.0     0.0   0.097   0.018   0.028   0.144   1.369   1.724   1.724   6.494   0.004   0.000   -0.006   -0.031   -0.024   0.020   -0.006     0   0.114   0.648
 42.0     0.0     0.0   0.098   0.018   0.028   0.144   1.366   1.724   1.724   6.502   0.004   0.000   -0.005   -0.030   -0.023   0.020   -0.006     0   0.114   0.638
 43.0     0.0     0.0   0.098   0.018   0.027   0.143   1.363   1.724   1.724   6.509   0.004   0.000   -0.005   -0.029   -0.023   0.020   -0.006     0   0.114   0.628
 44.0     0.0     0.0   0.099   0.018   0.027   0.143   1.360   1.724   1.724   6.515   0.004   0.000   -0.005   -0.029   -0.022   0.019   -0.006     0   0.114   0.618
 45.0     0.0     0.0   0.099   0.018   0.026   0.143   1.357   1.724   1.724   6.522   0.004   0.000   -0.005   -0.028   -0.022   0.019   -0.006     0   0.114   0.609
 46.0     0.0     0.0   0.100   0.018   0.025   0.143   1.355   1.724   1.724   6.528   0.004   0.000   -0.005   -0.027   -0.021   0.018   -0.006     0   0.114   0.600
 47.0     0.0     0.0   0.100   0.018   0.025   0.143   1.352   1.724   1.724   6.534   0.004   0.000   -0.005   -0.026   -0.021   0.018   -0.005     0   0.114   0.591

|     |I (umol/m2 s) |         Biomass (g/L)         |      Compounds (mM)   |        |                      Rates (mmol/gDW h)                 |     |
 Time   intI   extI      X      TAG     STA      XT      N       C       O       Qn     rx     rTAG     rSTA   rN_kin     rN       rC      rO2     AI      LR      SP
 48.0    98.8     0.0   0.100   0.018   0.025   0.143   1.349   1.724   1.724   6.539   0.006   0.001   0.004   -0.026   -0.029   -0.412   0.447    10   0.113   0.582
 49.0    99.4     0.0   0.101   0.018   0.025   0.144   1.347   1.724   1.724   6.536   0.006   0.001   0.004   -0.026   -0.029   -0.420   0.461    10   0.114   0.573
 50.0   100.0     0.0   0.101   0.018   0.025   0.145   1.344   1.724   1.724   6.533   0.006   0.001   0.004   -0.026   -0.029   -0.414   0.455    10   0.114   0.577
 51.0   100.6     0.0   0.102   0.018   0.026   0.146   1.341   1.724   1.724   6.530   0.006   0.001   0.004   -0.027   -0.029   -0.410   0.439    10   0.114   0.580
 52.0   101.2     0.0   0.103   0.019   0.026   0.147   1.339   1.724   1.724   6.528   0.006   0.001   0.004   -0.027   -0.029   -0.404   0.433    10   0.114   0.584
 53.0   101.8     0.0   0.103   0.019   0.027   0.148   1.336   1.724   1.724   6.527   0.006   0.001   0.004   -0.027   -0.028   -0.399   0.439    10   0.114   0.587
 54.0   102.4     0.0   0.104   0.019   0.027   0.149   1.333   1.724   1.724   6.525   0.005   0.001   0.004   -0.027   -0.028   -0.395   0.434    10   0.114   0.590
 55.0   102.9     0.0   0.104   0.019   0.027   0.150   1.330   1.724   1.724   6.524   0.005   0.001   0.004   -0.027   -0.028   -0.390   0.426    10   0.114   0.593
 56.0   103.5     0.0   0.105   0.019   0.028   0.152   1.328   1.724   1.724   6.523   0.005   0.001   0.004   -0.027   -0.028   -0.386   0.421    10   0.114   0.596
 57.0   104.1     0.0   0.105   0.019   0.028   0.153   1.325   1.724   1.724   6.523   0.005   0.001   0.004   -0.027   -0.028   -0.381   0.419    10   0.114   0.599
 58.0   104.7     0.0   0.106   0.019   0.029   0.154   1.322   1.724   1.724   6.522   0.005   0.001   0.004   -0.027   -0.027   -0.377   0.404    10   0.114   0.601
 59.0   105.3     0.0   0.107   0.019   0.029   0.155   1.319   1.724   1.724   6.522   0.005   0.001   0.004   -0.027   -0.027   -0.372   0.399     9   0.114   0.604
 60.0   105.9     0.0   0.107   0.019   0.029   0.156   1.316   1.724   1.724   6.522   0.006   0.001   0.004   -0.027   -0.033   -0.445   0.489    14   0.114   0.606
 61.0   106.5     0.0   0.108   0.019   0.030   0.157   1.313   1.724   1.724   6.516   0.005   0.001   0.003   -0.028   -0.027   -0.364   0.400     9   0.114   0.609
 62.0   107.1     0.0   0.108   0.019   0.030   0.158   1.310   1.724   1.724   6.517   0.006   0.001   0.004   -0.028   -0.032   -0.433   0.472    15   0.114   0.612
 63.0   107.6     0.0   0.109   0.019   0.031   0.159   1.307   1.724   1.724   6.513   0.006   0.001   0.004   -0.028   -0.032   -0.429   0.467    14   0.114   0.614
 64.0     0.0     0.0   0.110   0.019   0.031   0.160   1.304   1.724   1.724   6.509   0.004   0.000   -0.005   -0.028   -0.022   0.019   -0.006     0   0.114   0.616
 65.0     0.0     0.0   0.110   0.019   0.030   0.160   1.301   1.724   1.724   6.515   0.004   0.000   -0.005   -0.028   -0.022   0.019   -0.006     0   0.114   0.619
 66.0     0.0     0.0   0.111   0.019   0.030   0.160   1.298   1.724   1.724   6.520   0.004   0.000   -0.005   -0.027   -0.022   0.019   -0.006     0   0.114   0.610
 67.0     0.0     0.0   0.111   0.020   0.029   0.160   1.295   1.724   1.724   6.525   0.004   0.000   -0.005   -0.026   -0.022   0.019   -0.006     0   0.114   0.600
 68.0     0.0     0.0   0.112   0.020   0.029   0.160   1.292   1.724   1.724   6.530   0.004   0.000   -0.005   -0.026   -0.021   0.018   -0.005     0   0.114   0.591
 69.0     0.0     0.0   0.112   0.020   0.028   0.160   1.289   1.724   1.724   6.535   0.004   0.000   -0.005   -0.025   -0.021   0.018   -0.005     0   0.114   0.583
 70.0     0.0     0.0   0.112   0.020   0.028   0.160   1.286   1.724   1.724   6.540   0.004   0.000   -0.005   -0.025   -0.020   0.018   -0.005     0   0.113   0.574
 71.0     0.0     0.0   0.113   0.020   0.027   0.160   1.283   1.724   1.724   6.544   0.004   0.000   -0.005   -0.024   -0.020   0.017   -0.005     0   0.113   0.566

|     |I (umol/m2 s) |         Biomass (g/L)         |      Compounds (mM)   |        |                      Rates (mmol/gDW h)                 |     |
 Time   intI   extI      X      TAG     STA      XT      N       C       O       Qn     rx     rTAG     rSTA   rN_kin     rN       rC      rO2     AI      LR      SP
 72.0   108.2     0.0   0.113   0.020   0.027   0.160   1.281   1.724   1.724   6.549   0.006   0.001   0.005   -0.024   -0.031   -0.454   0.493    15   0.113   0.557
 73.0   108.8     0.0   0.114   0.020   0.027   0.161   1.278   1.724   1.724   6.542   0.005   0.001   0.004   -0.025   -0.025   -0.383   0.419    10   0.113   0.549
 74.0   109.4     0.0   0.115   0.020   0.028   0.162   1.275   1.724   1.724   6.541   0.005   0.001   0.004   -0.025   -0.025   -0.377   0.413    10   0.113   0.554
 75.0   110.0     0.0   0.115   0.020   0.028   0.163   1.272   1.724   1.724   6.540   0.005   0.001   0.004   -0.025   -0.025   -0.371   0.397    10   0.113   0.557
 76.0   110.6     0.0   0.116   0.020   0.029   0.164   1.270   1.724   1.724   6.540   0.005   0.001   0.004   -0.025   -0.025   -0.366   0.391    10   0.113   0.561
 77.0   111.2     0.0   0.116   0.020   0.029   0.165   1.267   1.724   1.724   6.539   0.005   0.001   0.004   -0.025   -0.025   -0.360   0.385    10   0.113   0.564
 78.0   111.8     0.0   0.117   0.020   0.029   0.166   1.264   1.724   1.724   6.539   0.005   0.001   0.004   -0.025   -0.024   -0.356   0.380    10   0.113   0.568
 79.0   112.4     0.0   0.117   0.020   0.030   0.167   1.261   1.724   1.724   6.540   0.005   0.001   0.004   -0.024   -0.024   -0.350   0.374    10   0.113   0.571
 80.0   112.9     0.0   0.118   0.020   0.030   0.168   1.258   1.724   1.724   6.540   0.005   0.001   0.004   -0.024   -0.024   -0.345   0.378    10   0.113   0.574
 81.0   113.5     0.0   0.118   0.020   0.031   0.169   1.255   1.724   1.724   6.540   0.005   0.001   0.003   -0.024   -0.024   -0.340   0.373    10   0.113   0.577
 82.0   114.1     0.0   0.119   0.020   0.031   0.170   1.252   1.724   1.724   6.541   0.005   0.001   0.003   -0.024   -0.024   -0.336   0.368     9   0.113   0.580
 83.0   114.7     0.0   0.119   0.020   0.031   0.171   1.250   1.724   1.724   6.542   0.005   0.001   0.004   -0.024   -0.028   -0.396   0.467    15   0.113   0.582
 84.0   115.3     0.0   0.120   0.021   0.032   0.173   1.247   1.724   1.724   6.538   0.004   0.001   0.003   -0.024   -0.023   -0.326   0.349    10   0.114   0.585
 85.0   115.9     0.0   0.121   0.021   0.032   0.174   1.244   1.724   1.724   6.539   0.004   0.001   0.003   -0.024   -0.023   -0.321   0.352     9   0.113   0.588
 86.0   116.5     0.0   0.121   0.021   0.033   0.175   1.241   1.724   1.724   6.540   0.005   0.001   0.004   -0.024   -0.027   -0.379   0.416    15   0.113   0.591
 87.0   117.1     0.0   0.122   0.021   0.033   0.176   1.238   1.724   1.724   6.537   0.005   0.001   0.004   -0.024   -0.027   -0.374   0.411    14   0.114   0.593
 88.0     0.0     0.0   0.122   0.021   0.034   0.177   1.235   1.724   1.724   6.535   0.004   0.000   -0.005   -0.025   -0.022   0.019   -0.006     0   0.114   0.596
 89.0     0.0     0.0   0.123   0.021   0.033   0.177   1.232   1.724   1.724   6.538   0.004   0.000   -0.005   -0.024   -0.022   0.019   -0.006     0   0.114   0.598
 90.0     0.0     0.0   0.123   0.021   0.032   0.177   1.229   1.724   1.724   6.541   0.004   0.000   -0.005   -0.024   -0.021   0.018   -0.005     0   0.113   0.590
 91.0     0.0     0.0   0.124   0.021   0.032   0.177   1.226   1.724   1.724   6.543   0.004   0.000   -0.005   -0.024   -0.021   0.018   -0.005     0   0.113   0.581
 92.0     0.0     0.0   0.124   0.021   0.031   0.177   1.223   1.724   1.724   6.546   0.004   0.000   -0.005   -0.023   -0.020   0.018   -0.005     0   0.113   0.572
 93.0     0.0     0.0   0.125   0.021   0.031   0.176   1.220   1.724   1.724   6.549   0.004   0.000   -0.005   -0.023   -0.020   0.017   -0.005     0   0.113   0.564
 94.0     0.0     0.0   0.125   0.021   0.030   0.176   1.217   1.724   1.724   6.552   0.004   0.000   -0.005   -0.023   -0.020   0.017   -0.005     0   0.113   0.555
 95.0     0.0     0.0   0.126   0.021   0.029   0.176   1.214   1.724   1.724   6.555   0.004   0.000   -0.004   -0.022   -0.019   0.017   -0.005     0   0.113   0.547

|     |I (umol/m2 s) |         Biomass (g/L)         |      Compounds (mM)   |        |                      Rates (mmol/gDW h)                 |     |
 Time   intI   extI      X      TAG     STA      XT      N       C       O       Qn     rx     rTAG     rSTA   rN_kin     rN       rC      rO2     AI      LR      SP
 96.0   117.6     0.0   0.126   0.021   0.029   0.176   1.212   1.724   1.724   6.558   0.005   0.001   0.004   -0.022   -0.025   -0.380   0.416    15   0.113   0.540
 97.0   118.2     0.0   0.127   0.021   0.029   0.177   1.209   1.724   1.724   6.555   0.004   0.001   0.004   -0.022   -0.021   -0.321   0.351    10   0.113   0.532
 98.0   118.8     0.0   0.127   0.021   0.030   0.178   1.206   1.724   1.724   6.556   0.004   0.001   0.004   -0.022   -0.021   -0.316   0.335     9   0.113   0.536
 99.0   119.4     0.0   0.128   0.021   0.030   0.179   1.203   1.724   1.724   6.558   0.005   0.001   0.004   -0.022   -0.024   -0.369   0.393    15   0.113   0.539
100.0   120.0     0.0   0.129   0.021   0.031   0.181   1.200   1.724   1.724   6.556   0.004   0.001   0.003   -0.022   -0.020   -0.305   0.326    10   0.113   0.543
101.0   120.6     0.0   0.129   0.021   0.031   0.182   1.198   1.724   1.724   6.557   0.004   0.001   0.003   -0.022   -0.020   -0.301   0.329    10   0.113   0.546
102.0   121.2     0.0   0.130   0.021   0.032   0.183   1.195   1.724   1.724   6.559   0.004   0.001   0.003   -0.022   -0.020   -0.296   0.324    10   0.113   0.549
103.0   121.8     0.0   0.130   0.022   0.032   0.184   1.192   1.724   1.724   6.561   0.004   0.001   0.003   -0.021   -0.020   -0.291   0.312    10   0.113   0.552
104.0   122.4     0.0   0.131   0.022   0.032   0.185   1.189   1.724   1.724   6.563   0.004   0.001   0.003   -0.021   -0.019   -0.287   0.307    10   0.113   0.555
105.0   122.9     0.0   0.131   0.022   0.033   0.186   1.187   1.724   1.724   6.565   0.004   0.000   0.003   -0.021   -0.019   -0.284   0.310    10   0.113   0.558
106.0   123.5     0.0   0.131   0.022   0.033   0.187   1.184   1.724   1.724   6.566   0.004   0.000   0.003   -0.021   -0.019   -0.281   0.306    10   0.113   0.561
107.0   124.1     0.0   0.132   0.022   0.034   0.187   1.181   1.724   1.724   6.568   0.004   0.000   0.003   -0.020   -0.019   -0.278   0.303    10   0.113   0.563
108.0   124.7     0.0   0.132   0.022   0.034   0.188   1.178   1.724   1.724   6.570   0.004   0.000   0.003   -0.020   -0.019   -0.275   0.299    10   0.113   0.566
109.0   125.3     0.0   0.133   0.022   0.034   0.189   1.176   1.724   1.724   6.571   0.004   0.000   0.003   -0.020   -0.019   -0.271   0.295    10   0.113   0.568
110.0   125.9     0.0   0.133   0.022   0.035   0.190   1.173   1.724   1.724   6.573   0.004   0.000   0.003   -0.020   -0.018   -0.267   0.290    10   0.113   0.571
111.0   126.5     0.0   0.134   0.022   0.035   0.191   1.170   1.724   1.724   6.574   0.004   0.000   0.003   -0.020   -0.018   -0.265   0.289    10   0.113   0.573
112.0     0.0     0.0   0.134   0.022   0.036   0.192   1.168   1.724   1.724   6.575   0.004   0.000   -0.005   -0.020   -0.021   0.018   -0.005     0   0.113   0.575
113.0     0.0     0.0   0.135   0.022   0.035   0.192   1.165   1.724   1.724   6.574   0.004   0.000   -0.005   -0.020   -0.021   0.018   -0.005     0   0.113   0.578
114.0     0.0     0.0   0.135   0.022   0.034   0.192   1.162   1.724   1.724   6.573   0.004   0.000   -0.005   -0.020   -0.020   0.018   -0.005     0   0.113   0.569
115.0     0.0     0.0   0.136   0.022   0.034   0.192   1.160   1.724   1.724   6.573   0.004   0.000   -0.005   -0.020   -0.020   0.017   -0.005     0   0.113   0.561
116.0     0.0     0.0   0.136   0.022   0.033   0.192   1.157   1.724   1.724   6.572   0.004   0.000   -0.005   -0.020   -0.020   0.017   -0.005     0   0.113   0.553
117.0     0.0     0.0   0.137   0.022   0.032   0.192   1.154   1.724   1.724   6.573   0.004   0.000   -0.004   -0.020   -0.019   0.017   -0.005     0   0.113   0.545
118.0     0.0     0.0   0.137   0.022   0.032   0.191   1.152   1.724   1.724   6.573   0.004   0.000   -0.004   -0.020   -0.019   0.016   -0.005     0   0.113   0.537
119.0     0.0     0.0   0.138   0.022   0.031   0.191   1.149   1.724   1.724   6.574   0.003   0.000   -0.004   -0.019   -0.018   0.016   -0.005     0   0.113   0.529

|     |I (umol/m2 s) |         Biomass (g/L)         |      Compounds (mM)   |        |                      Rates (mmol/gDW h)                 |     |
 Time   intI   extI      X      TAG     STA      XT      N       C       O       Qn     rx     rTAG     rSTA   rN_kin     rN       rC      rO2     AI      LR      SP
120.0   127.1     0.0   0.138   0.022   0.031   0.191   1.146   1.724   1.724   6.575   0.003   0.000   0.003   -0.019   -0.017   -0.271   0.296    10   0.113   0.522
121.0   127.6     0.0   0.139   0.022   0.031   0.192   1.144   1.724   1.724   6.577   0.003   0.000   0.003   -0.019   -0.017   -0.274   0.299    10   0.113   0.514
122.0   128.2     0.0   0.139   0.022   0.031   0.193   1.141   1.724   1.724   6.579   0.003   0.000   0.003   -0.019   -0.017   -0.270   0.288    10   0.113   0.517
123.0   128.8     0.0   0.140   0.023   0.032   0.194   1.138   1.724   1.724   6.581   0.003   0.000   0.003   -0.019   -0.017   -0.267   0.284    10   0.113   0.520
124.0   129.4     0.0   0.140   0.023   0.032   0.195   1.136   1.724   1.724   6.583   0.003   0.000   0.003   -0.018   -0.017   -0.263   0.279    10   0.113   0.524
125.0   130.0     0.0   0.141   0.023   0.033   0.196   1.133   1.724   1.724   6.585   0.003   0.000   0.003   -0.018   -0.017   -0.260   0.276    10   0.113   0.527
126.0   130.6     0.0   0.141   0.023   0.033   0.197   1.131   1.724   1.724   6.586   0.003   0.000   0.003   -0.018   -0.016   -0.257   0.272    10   0.113   0.530
127.0   131.2     0.0   0.142   0.023   0.033   0.198   1.128   1.724   1.724   6.588   0.003   0.000   0.003   -0.018   -0.016   -0.254   0.269    10   0.113   0.532
128.0   131.8     0.0   0.142   0.023   0.034   0.199   1.125   1.724   1.724   6.589   0.003   0.000   0.003   -0.018   -0.016   -0.251   0.266    10   0.113   0.535
129.0   132.4     0.0   0.142   0.023   0.034   0.200   1.123   1.724   1.724   6.591   0.003   0.000   0.003   -0.018   -0.016   -0.248   0.263    10   0.113   0.538
130.0   132.9     0.0   0.143   0.023   0.035   0.201   1.120   1.724   1.724   6.592   0.003   0.000   0.003   -0.017   -0.016   -0.245   0.259    10   0.113   0.541
131.0   133.5     0.0   0.143   0.023   0.035   0.202   1.118   1.724   1.724   6.594   0.003   0.000   0.003   -0.017   -0.016   -0.242   0.256    10   0.113   0.543
132.0   134.1     0.0   0.144   0.023   0.035   0.202   1.115   1.724   1.724   6.595   0.003   0.000   0.003   -0.017   -0.016   -0.239   0.254    10   0.113   0.546
133.0   134.7     0.0   0.144   0.023   0.036   0.203   1.113   1.724   1.724   6.596   0.003   0.000   0.003   -0.017   -0.016   -0.236   0.251     9   0.113   0.548
134.0   135.3     0.0   0.145   0.023   0.036   0.204   1.111   1.724   1.724   6.597   0.004   0.000   0.003   -0.017   -0.018   -0.272   0.297    14   0.113   0.550
135.0   135.9     0.0   0.145   0.023   0.037   0.205   1.108   1.724   1.724   6.596   0.003   0.000   0.003   -0.017   -0.018   -0.268   0.292    15   0.113   0.553
136.0     0.0     0.0   0.146   0.023   0.037   0.206   1.106   1.724   1.724   6.595   0.004   0.000   -0.005   -0.017   -0.020   0.017   -0.005     0   0.113   0.555
137.0     0.0     0.0   0.146   0.023   0.036   0.206   1.103   1.724   1.724   6.592   0.004   0.000   -0.005   -0.017   -0.020   0.017   -0.005     0   0.113   0.558
138.0     0.0     0.0   0.147   0.023   0.036   0.206   1.101   1.724   1.724   6.589   0.004   0.000   -0.005   -0.017   -0.020   0.017   -0.005     0   0.113   0.550
139.0     0.0     0.0   0.147   0.023   0.035   0.206   1.098   1.724   1.724   6.587   0.004   0.000   -0.004   -0.018   -0.019   0.017   -0.005     0   0.113   0.542
140.0     0.0     0.0   0.148   0.023   0.034   0.206   1.096   1.724   1.724   6.586   0.004   0.000   -0.004   -0.018   -0.019   0.016   -0.005     0   0.113   0.534
141.0     0.0     0.0   0.148   0.024   0.034   0.206   1.093   1.724   1.724   6.585   0.003   0.000   -0.004   -0.018   -0.018   0.016   -0.005     0   0.113   0.527
142.0     0.0     0.0   0.149   0.024   0.033   0.206   1.090   1.724   1.724   6.584   0.003   0.000   -0.004   -0.018   -0.018   0.016   -0.005     0   0.113   0.519
143.0     0.0     0.0   0.149   0.024   0.032   0.205   1.088   1.724   1.724   6.584   0.003   0.000   -0.004   -0.018   -0.018   0.015   -0.005     0   0.113   0.512

|     |I (umol/m2 s) |         Biomass (g/L)         |      Compounds (mM)   |        |                      Rates (mmol/gDW h)                 |     |
 Time   intI   extI      X      TAG     STA      XT      N       C       O       Qn     rx     rTAG     rSTA   rN_kin     rN       rC      rO2     AI      LR      SP
144.0   136.5     0.0   0.150   0.024   0.032   0.205   1.085   1.724   1.724   6.584   0.003   0.000   0.003   -0.018   -0.016   -0.265   0.289    15   0.113   0.505
145.0   137.1     0.0   0.150   0.024   0.032   0.206   1.082   1.724   1.724   6.585   0.003   0.000   0.003   -0.018   -0.014   -0.229   0.249     9   0.113   0.498
146.0   137.6     0.0   0.151   0.024   0.033   0.207   1.080   1.724   1.724   6.589   0.003   0.000   0.003   -0.017   -0.016   -0.263   0.287    14   0.113   0.501
147.0   138.2     0.0   0.151   0.024   0.033   0.208   1.077   1.724   1.724   6.590   0.003   0.000   0.003   -0.017   -0.013   -0.220   0.240    10   0.113   0.504
148.0   138.8     0.0   0.152   0.024   0.034   0.209   1.075   1.724   1.724   6.594   0.003   0.000   0.003   -0.017   -0.013   -0.217   0.236    10   0.113   0.507
149.0   139.4     0.0   0.152   0.024   0.034   0.210   1.072   1.724   1.724   6.597   0.003   0.000   0.003   -0.016   -0.013   -0.215   0.233     9   0.113   0.510
150.0   140.0     0.0   0.152   0.024   0.034   0.211   1.070   1.724   1.724   6.600   0.003   0.000   0.003   -0.016   -0.016   -0.250   0.268    16   0.113   0.512
151.0   140.6     0.0   0.153   0.024   0.035   0.212   1.067   1.724   1.724   6.601   0.003   0.000   0.002   -0.016   -0.013   -0.209   0.228    10   0.113   0.515
152.0   141.2     0.0   0.153   0.024   0.035   0.213   1.065   1.724   1.724   6.604   0.003   0.000   0.002   -0.016   -0.013   -0.205   0.224    10   0.113   0.518
153.0   141.8     0.0   0.154   0.024   0.036   0.213   1.062   1.724   1.724   6.606   0.002   0.000   0.002   -0.015   -0.013   -0.203   0.221     9   0.112   0.520
154.0   142.4     0.0   0.154   0.024   0.036   0.214   1.060   1.724   1.724   6.609   0.003   0.000   0.003   -0.015   -0.015   -0.237   0.255    15   0.112   0.523
155.0   142.9     0.0   0.154   0.024   0.036   0.215   1.058   1.724   1.724   6.609   0.002   0.000   0.002   -0.015   -0.013   -0.197   0.215    10   0.112   0.525
156.0   143.5     0.0   0.155   0.024   0.037   0.216   1.055   1.724   1.724   6.612   0.002   0.000   0.002   -0.015   -0.012   -0.195   0.213    10   0.112   0.528
157.0   144.1     0.0   0.155   0.024   0.037   0.217   1.053   1.724   1.724   6.614   0.002   0.000   0.002   -0.015   -0.012   -0.193   0.211     9   0.112   0.530
158.0   144.7     0.0   0.156   0.024   0.037   0.217   1.051   1.724   1.724   6.616   0.003   0.000   0.003   -0.014   -0.015   -0.227   0.243    14   0.112   0.532
159.0   145.3     0.0   0.156   0.024   0.038   0.218   1.048   1.724   1.724   6.616   0.003   0.000   0.002   -0.014   -0.014   -0.223   0.239    15   0.112   0.534
160.0     0.0     0.0   0.156   0.025   0.038   0.219   1.046   1.724   1.724   6.616   0.004   0.000   -0.004   -0.014   -0.019   0.016   -0.005     0   0.112   0.537
161.0     0.0     0.0   0.157   0.025   0.037   0.219   1.044   1.724   1.724   6.611   0.004   0.000   -0.004   -0.015   -0.019   0.016   -0.005     0   0.112   0.539
162.0     0.0     0.0   0.158   0.025   0.037   0.219   1.042   1.724   1.724   6.607   0.003   0.000   -0.004   -0.015   -0.019   0.016   -0.005     0   0.112   0.531
163.0     0.0     0.0   0.158   0.025   0.036   0.219   1.039   1.724   1.724   6.603   0.003   0.000   -0.004   -0.015   -0.018   0.016   -0.005     0   0.113   0.524
164.0     0.0     0.0   0.159   0.025   0.035   0.219   1.037   1.724   1.724   6.600   0.003   0.000   -0.004   -0.016   -0.018   0.016   -0.005     0   0.113   0.516
165.0     0.0     0.0   0.159   0.025   0.035   0.219   1.034   1.724   1.724   6.598   0.003   0.000   -0.004   -0.016   -0.018   0.015   -0.005     0   0.113   0.509
166.0     0.0     0.0   0.160   0.025   0.034   0.219   1.032   1.724   1.724   6.596   0.003   0.000   -0.004   -0.016   -0.017   0.015   -0.004     0   0.113   0.502
167.0     0.0     0.0   0.160   0.025   0.033   0.218   1.029   1.724   1.724   6.595   0.003   0.000   -0.004   -0.016   -0.017   0.015   -0.004     0   0.113   0.495

|     |I (umol/m2 s) |         Biomass (g/L)         |      Compounds (mM)   |        |                      Rates (mmol/gDW h)                 |     |
 Time   intI   extI      X      TAG     STA      XT      N       C       O       Qn     rx     rTAG     rSTA   rN_kin     rN       rC      rO2     AI      LR      SP
168.0   145.9     0.0   0.161   0.025   0.033   0.218   1.027   1.724   1.724   6.594   0.002   0.000   0.003   -0.016   -0.013   -0.212   0.231    13   0.113   0.488
169.0   146.5     0.0   0.161   0.025   0.033   0.219   1.024   1.724   1.724   6.597   0.002   0.000   0.003   -0.016   -0.012   -0.213   0.228    13   0.113   0.481
170.0   147.1     0.0   0.162   0.025   0.034   0.220   1.022   1.724   1.724   6.601   0.002   0.000   0.003   -0.015   -0.012   -0.209   0.227    15   0.113   0.484
171.0   147.6     0.0   0.162   0.025   0.034   0.221   1.019   1.724   1.724   6.604   0.002   0.000   0.002   -0.015   -0.010   -0.174   0.189    10   0.113   0.487
172.0   148.2     0.0   0.162   0.025   0.034   0.222   1.017   1.724   1.724   6.609   0.002   0.000   0.002   -0.015   -0.010   -0.171   0.186    10   0.112   0.490
173.0   148.8     0.0   0.163   0.025   0.035   0.222   1.014   1.724   1.724   6.613   0.002   0.000   0.002   -0.014   -0.010   -0.169   0.184    11   0.112   0.492
174.0   149.4     0.0   0.163   0.025   0.035   0.223   1.012   1.724   1.724   6.617   0.002   0.000   0.002   -0.014   -0.010   -0.168   0.183     9   0.112   0.495
175.0   150.0     0.0   0.163   0.025   0.035   0.224   1.010   1.724   1.724   6.621   0.002   0.000   0.002   -0.014   -0.012   -0.197   0.213    14   0.112   0.497
176.0   150.6     0.0   0.164   0.025   0.036   0.225   1.007   1.724   1.724   6.623   0.002   0.000   0.002   -0.013   -0.010   -0.163   0.178    10   0.112   0.499
177.0   151.2     0.0   0.164   0.025   0.036   0.225   1.005   1.724   1.724   6.626   0.002   0.000   0.002   -0.013   -0.010   -0.162   0.176    10   0.112   0.501
178.0   151.8     0.0   0.164   0.025   0.036   0.226   1.003   1.724   1.724   6.629   0.002   0.000   0.002   -0.013   -0.010   -0.160   0.173     9   0.112   0.503
179.0   152.4     0.0   0.165   0.025   0.037   0.227   1.001   1.724   1.724   6.632   0.002   0.000   0.002   -0.012   -0.011   -0.186   0.201    15   0.112   0.505
180.0   152.9     0.0   0.165   0.025   0.037   0.227   0.999   1.724   1.724   6.633   0.002   0.000   0.002   -0.012   -0.010   -0.156   0.169     9   0.112   0.507
181.0   153.5     0.0   0.165   0.025   0.037   0.228   0.997   1.724   1.724   6.636   0.002   0.000   0.002   -0.012   -0.011   -0.182   0.197    14   0.112   0.510
182.0   154.1     0.0   0.166   0.026   0.038   0.229   0.995   1.724   1.724   6.637   0.002   0.000   0.002   -0.012   -0.009   -0.152   0.162    11   0.112   0.512
183.0   154.7     0.0   0.166   0.026   0.038   0.229   0.993   1.724   1.724   6.640   0.002   0.000   0.002   -0.012   -0.009   -0.150   0.164     9   0.112   0.514
184.0     0.0     0.0   0.166   0.026   0.038   0.230   0.991   1.724   1.724   6.642   0.003   0.000   -0.004   -0.012   -0.018   0.016   -0.005     0   0.112   0.516
185.0     0.0     0.0   0.167   0.026   0.038   0.230   0.989   1.724   1.724   6.635   0.003   0.000   -0.004   -0.012   -0.018   0.016   -0.005     0   0.112   0.517
186.0     0.0     0.0   0.167   0.026   0.037   0.230   0.987   1.724   1.724   6.629   0.003   0.000   -0.004   -0.013   -0.018   0.015   -0.005     0   0.112   0.510
187.0     0.0     0.0   0.168   0.026   0.036   0.230   0.985   1.724   1.724   6.624   0.003   0.000   -0.004   -0.013   -0.017   0.015   -0.005     0   0.112   0.503
188.0     0.0     0.0   0.168   0.026   0.036   0.230   0.983   1.724   1.724   6.620   0.003   0.000   -0.004   -0.013   -0.017   0.015   -0.004     0   0.112   0.496
189.0     0.0     0.0   0.169   0.026   0.035   0.230   0.980   1.724   1.724   6.616   0.003   0.000   -0.004   -0.014   -0.017   0.014   -0.004     0   0.112   0.489
190.0     0.0     0.0   0.170   0.026   0.034   0.229   0.978   1.724   1.724   6.613   0.003   0.000   -0.004   -0.014   -0.017   0.014   -0.004     0   0.112   0.483
191.0     0.0     0.0   0.170   0.026   0.034   0.229   0.976   1.724   1.724   6.610   0.003   0.000   -0.004   -0.014   -0.016   0.014   -0.004     0   0.112   0.476

|     |I (umol/m2 s) |         Biomass (g/L)         |      Compounds (mM)   |        |                      Rates (mmol/gDW h)                 |     |
 Time   intI   extI      X      TAG     STA      XT      N       C       O       Qn     rx     rTAG     rSTA   rN_kin     rN       rC      rO2     AI      LR      SP
192.0   155.3     0.0   0.171   0.026   0.033   0.229   0.973   1.724   1.724   6.608   0.002   0.000   0.002   -0.014   -0.008   -0.137   0.149    10   0.112   0.470
193.0   155.9     0.0   0.171   0.026   0.033   0.230   0.971   1.724   1.724   6.614   0.002   0.000   0.002   -0.014   -0.008   -0.138   0.150    10   0.112   0.463
194.0   156.5     0.0   0.171   0.026   0.033   0.230   0.969   1.724   1.724   6.620   0.001   0.000   0.002   -0.013   -0.008   -0.136   0.148    10   0.112   0.465
195.0   157.1     0.0   0.171   0.026   0.034   0.231   0.966   1.724   1.724   6.626   0.001   0.000   0.002   -0.013   -0.008   -0.135   0.147    11   0.112   0.467
196.0   157.6     0.0   0.172   0.026   0.034   0.232   0.964   1.724   1.724   6.631   0.001   0.000   0.002   -0.012   -0.008   -0.133   0.142    11   0.112   0.469
197.0   158.2     0.0   0.172   0.026   0.034   0.232   0.962   1.724   1.724   6.635   0.001   0.000   0.002   -0.012   -0.008   -0.132   0.140    10   0.112   0.471
198.0   158.8     0.0   0.172   0.026   0.035   0.233   0.960   1.724   1.724   6.640   0.001   0.000   0.002   -0.011   -0.007   -0.130   0.139    10   0.112   0.473
199.0   159.4     0.0   0.172   0.026   0.035   0.233   0.958   1.724   1.724   6.644   0.001   0.000   0.002   -0.011   -0.007   -0.129   0.136    10   0.112   0.475
200.0   160.0     0.0   0.173   0.026   0.035   0.234   0.956   1.724   1.724   6.647   0.001   0.000   0.002   -0.011   -0.007   -0.128   0.135    10   0.112   0.477
201.0   160.6     0.0   0.173   0.026   0.035   0.234   0.954   1.724   1.724   6.651   0.001   0.000   0.002   -0.010   -0.007   -0.126   0.134    11   0.112   0.479
202.0   161.2     0.0   0.173   0.026   0.036   0.235   0.953   1.724   1.724   6.654   0.001   0.000   0.002   -0.010   -0.007   -0.125   0.132     9   0.112   0.480
203.0   161.8     0.0   0.173   0.026   0.036   0.236   0.951   1.724   1.724   6.657   0.002   0.000   0.002   -0.010   -0.009   -0.146   0.159    14   0.112   0.482
204.0   162.4     0.0   0.174   0.026   0.036   0.236   0.949   1.724   1.724   6.658   0.001   0.000   0.002   -0.010   -0.007   -0.123   0.130    11   0.112   0.484
205.0   162.9     0.0   0.174   0.026   0.037   0.237   0.947   1.724   1.724   6.661   0.001   0.000   0.002   -0.010   -0.007   -0.122   0.129    10   0.112   0.486
206.0   163.5     0.0   0.174   0.026   0.037   0.237   0.946   1.724   1.724   6.663   0.001   0.000   0.001   -0.009   -0.007   -0.120   0.127     9   0.112   0.487
207.0   164.1     0.0   0.174   0.026   0.037   0.238   0.944   1.724   1.724   6.666   0.001   0.000   0.001   -0.009   -0.007   -0.119   0.126     9   0.112   0.489
208.0     0.0     0.0   0.175   0.026   0.037   0.238   0.942   1.724   1.724   6.668   0.003   0.000   -0.004   -0.009   -0.017   0.015   -0.004     0   0.112   0.491
209.0     0.0     0.0   0.175   0.026   0.037   0.238   0.941   1.724   1.724   6.660   0.003   0.000   -0.004   -0.010   -0.017   0.015   -0.004     0   0.112   0.492
210.0     0.0     0.0   0.176   0.027   0.036   0.238   0.939   1.724   1.724   6.652   0.003   0.000   -0.004   -0.010   -0.017   0.014   -0.004     0   0.112   0.485
211.0     0.0     0.0   0.176   0.027   0.035   0.238   0.937   1.724   1.724   6.646   0.003   0.000   -0.004   -0.011   -0.016   0.014   -0.004     0   0.112   0.479
212.0     0.0     0.0   0.177   0.027   0.035   0.238   0.936   1.724   1.724   6.640   0.003   0.000   -0.004   -0.011   -0.016   0.014   -0.004     0   0.112   0.472
213.0     0.0     0.0   0.177   0.027   0.034   0.238   0.934   1.724   1.724   6.635   0.003   0.000   -0.004   -0.012   -0.016   0.014   -0.004     0   0.112   0.466
214.0     0.0     0.0   0.178   0.027   0.033   0.238   0.932   1.724   1.724   6.631   0.003   0.000   -0.004   -0.012   -0.016   0.013   -0.004     0   0.112   0.460
215.0     0.0     0.0   0.178   0.027   0.033   0.238   0.929   1.724   1.724   6.627   0.003   0.000   -0.004   -0.012   -0.015   0.013   -0.004     0   0.112   0.454

|     |I (umol/m2 s) |         Biomass (g/L)         |      Compounds (mM)   |        |                      Rates (mmol/gDW h)                 |     |
 Time   intI   extI      X      TAG     STA      XT      N       C       O       Qn     rx     rTAG     rSTA   rN_kin     rN       rC      rO2     AI      LR      SP
216.0   164.7     0.0   0.179   0.027   0.032   0.238   0.927   1.724   1.724   6.624   0.001   0.000   0.001   -0.012   -0.006   -0.108   0.117     9   0.112   0.448
217.0   165.3     0.0   0.179   0.027   0.032   0.238   0.925   1.724   1.724   6.631   0.001   0.000   0.002   -0.012   -0.007   -0.129   0.137    14   0.112   0.442
218.0   165.9     0.0   0.179   0.027   0.033   0.239   0.923   1.724   1.724   6.636   0.001   0.000   0.001   -0.011   -0.006   -0.109   0.117     9   0.112   0.444
219.0   166.5     0.0   0.179   0.027   0.033   0.239   0.921   1.724   1.724   6.641   0.001   0.000   0.002   -0.011   -0.007   -0.127   0.135    14   0.112   0.446
220.0   167.1     0.0   0.180   0.027   0.033   0.240   0.919   1.724   1.724   6.645   0.001   0.000   0.001   -0.011   -0.006   -0.106   0.115    10   0.112   0.447
221.0   167.6     0.0   0.180   0.027   0.033   0.240   0.917   1.724   1.724   6.650   0.001   0.000   0.001   -0.010   -0.006   -0.105   0.114    10   0.112   0.449
222.0   168.2     0.0   0.180   0.027   0.034   0.241   0.915   1.724   1.724   6.655   0.001   0.000   0.001   -0.010   -0.006   -0.104   0.113     9   0.112   0.451
223.0   168.8     0.0   0.180   0.027   0.034   0.241   0.913   1.724   1.724   6.659   0.001   0.000   0.002   -0.009   -0.007   -0.122   0.129    14   0.112   0.453
224.0   169.4     0.0   0.181   0.027   0.034   0.242   0.912   1.724   1.724   6.662   0.001   0.000   0.001   -0.009   -0.006   -0.102   0.111     9   0.112   0.454
225.0   170.0     0.0   0.181   0.027   0.034   0.242   0.910   1.724   1.724   6.665   0.001   0.000   0.002   -0.009   -0.007   -0.120   0.128    15   0.112   0.456
226.0   170.6     0.0   0.181   0.027   0.035   0.243   0.908   1.724   1.724   6.667   0.001   0.000   0.001   -0.009   -0.006   -0.101   0.109    10   0.112   0.458
227.0   171.2     0.0   0.181   0.027   0.035   0.243   0.907   1.724   1.724   6.671   0.001   0.000   0.001   -0.008   -0.006   -0.100   0.108    11   0.112   0.459
228.0   171.8     0.0   0.181   0.027   0.035   0.244   0.905   1.724   1.724   6.674   0.001   0.000   0.001   -0.008   -0.006   -0.100   0.108    10   0.111   0.461
229.0   172.4     0.0   0.182   0.027   0.035   0.244   0.904   1.724   1.724   6.676   0.001   0.000   0.001   -0.008   -0.006   -0.099   0.107    10   0.111   0.462
230.0   172.9     0.0   0.182   0.027   0.036   0.245   0.902   1.724   1.724   6.679   0.001   0.000   0.001   -0.008   -0.006   -0.098   0.106    10   0.111   0.464
231.0   173.5     0.0   0.182   0.027   0.036   0.245   0.901   1.724   1.724   6.681   0.001   0.000   0.001   -0.008   -0.005   -0.097   0.105    11   0.111   0.465
232.0     0.0     0.0   0.182   0.027   0.036   0.246   0.899   1.724   1.724   6.683   0.003   0.000   -0.004   -0.007   -0.016   0.014   -0.004     0   0.111   0.467
233.0     0.0     0.0   0.183   0.027   0.035   0.245   0.898   1.724   1.724   6.675   0.003   0.000   -0.004   -0.008   -0.016   0.014   -0.004     0   0.111   0.468
234.0     0.0     0.0   0.183   0.027   0.035   0.245   0.897   1.724   1.724   6.667   0.003   0.000   -0.004   -0.009   -0.016   0.013   -0.004     0   0.112   0.462
235.0     0.0     0.0   0.184   0.027   0.034   0.245   0.895   1.724   1.724   6.660   0.003   0.000   -0.004   -0.009   -0.015   0.013   -0.004     0   0.112   0.456
236.0     0.0     0.0   0.184   0.027   0.033   0.245   0.893   1.724   1.724   6.654   0.003   0.000   -0.004   -0.010   -0.015   0.013   -0.004     0   0.112   0.450
237.0     0.0     0.0   0.185   0.027   0.033   0.245   0.892   1.724   1.724   6.648   0.003   0.000   -0.003   -0.010   -0.015   0.013   -0.004     0   0.112   0.444
238.0     0.0     0.0   0.185   0.027   0.032   0.245   0.890   1.724   1.724   6.644   0.003   0.000   -0.003   -0.010   -0.015   0.012   -0.004     0   0.112   0.438
239.0     0.0     0.0   0.186   0.027   0.032   0.245   0.888   1.724   1.724   6.640   0.003   0.000   -0.003   -0.011   -0.014   0.012   -0.004     0   0.112   0.432

|     |I (umol/m2 s) |         Biomass (g/L)         |      Compounds (mM)   |        |                      Rates (mmol/gDW h)                 |     |
 Time   intI   extI      X      TAG     STA      XT      N       C       O       Qn     rx     rTAG     rSTA   rN_kin     rN       rC      rO2     AI      LR      SP
240.0   174.1     0.0   0.186   0.027   0.031   0.245   0.886   1.724   1.724   6.636   0.001   0.000   0.001   -0.011   -0.004   -0.082   0.089    11   0.112   0.427
241.0   174.7     0.0   0.186   0.027   0.031   0.245   0.884   1.724   1.724   6.643   0.001   0.000   0.001   -0.010   -0.004   -0.082   0.087    11   0.112   0.421
242.0   175.3     0.0   0.187   0.028   0.031   0.245   0.882   1.724   1.724   6.649   0.001   0.000   0.001   -0.010   -0.004   -0.081   0.086    10   0.112   0.423
243.0   175.9     0.0   0.187   0.028   0.032   0.246   0.880   1.724   1.724   6.655   0.001   0.000   0.001   -0.009   -0.004   -0.081   0.086    11   0.112   0.424
244.0   176.5     0.0   0.187   0.028   0.032   0.246   0.878   1.724   1.724   6.660   0.001   0.000   0.001   -0.009   -0.004   -0.080   0.084    11   0.112   0.426
245.0   177.1     0.0   0.187   0.028   0.032   0.247   0.876   1.724   1.724   6.665   0.001   0.000   0.001   -0.009   -0.004   -0.079   0.083     9   0.112   0.427
246.0   177.6     0.0   0.187   0.028   0.032   0.247   0.875   1.724   1.724   6.670   0.001   0.000   0.001   -0.008   -0.005   -0.090   0.097    15   0.112   0.428
247.0   178.2     0.0   0.187   0.028   0.032   0.247   0.873   1.724   1.724   6.673   0.001   0.000   0.001   -0.008   -0.004   -0.077   0.081    10   0.111   0.430
248.0   178.8     0.0   0.188   0.028   0.033   0.248   0.872   1.724   1.724   6.677   0.001   0.000   0.001   -0.008   -0.004   -0.076   0.081     9   0.111   0.431
249.0   179.4     0.0   0.188   0.028   0.033   0.248   0.870   1.724   1.724   6.681   0.001   0.000   0.001   -0.007   -0.005   -0.088   0.092    13   0.111   0.432
250.0   180.0     0.0   0.188   0.028   0.033   0.249   0.869   1.724   1.724   6.684   0.001   0.000   0.001   -0.007   -0.005   -0.087   0.091    14   0.111   0.434
251.0   180.6     0.0   0.188   0.028   0.033   0.249   0.868   1.724   1.724   6.687   0.001   0.000   0.001   -0.007   -0.004   -0.074   0.078     9   0.111   0.435
252.0   181.2     0.0   0.188   0.028   0.033   0.249   0.866   1.724   1.724   6.690   0.001   0.000   0.001   -0.007   -0.004   -0.085   0.089    12   0.111   0.436
253.0   181.8     0.0   0.188   0.028   0.034   0.250   0.865   1.724   1.724   6.692   0.001   0.000   0.001   -0.007   -0.004   -0.083   0.088    16   0.111   0.438
254.0   182.4     0.0   0.189   0.028   0.034   0.250   0.864   1.724   1.724   6.694   0.001   0.000   0.001   -0.006   -0.004   -0.071   0.075    10   0.111   0.439
255.0   182.9     0.0   0.189   0.028   0.034   0.251   0.863   1.724   1.724   6.697   0.001   0.000   0.001   -0.006   -0.004   -0.071   0.076     9   0.111   0.440
256.0     0.0     0.0   0.189   0.028   0.034   0.251   0.861   1.724   1.724   6.699   0.003   0.000   -0.003   -0.006   -0.015   0.013   -0.004     0   0.111   0.441
257.0     0.0     0.0   0.189   0.028   0.034   0.251   0.860   1.724   1.724   6.690   0.003   0.000   -0.003   -0.007   -0.015   0.013   -0.004     0   0.111   0.443
258.0     0.0     0.0   0.190   0.028   0.033   0.251   0.859   1.724   1.724   6.682   0.003   0.000   -0.003   -0.007   -0.014   0.012   -0.004     0   0.111   0.437
259.0     0.0     0.0   0.190   0.028   0.032   0.251   0.858   1.724   1.724   6.675   0.003   0.000   -0.003   -0.008   -0.014   0.012   -0.004     0   0.111   0.431
260.0     0.0     0.0   0.191   0.028   0.032   0.250   0.856   1.724   1.724   6.668   0.003   0.000   -0.003   -0.008   -0.014   0.012   -0.004     0   0.112   0.426
261.0     0.0     0.0   0.191   0.028   0.031   0.250   0.855   1.724   1.724   6.663   0.003   0.000   -0.003   -0.009   -0.014   0.012   -0.004     0   0.112   0.420
262.0     0.0     0.0   0.192   0.028   0.030   0.250   0.853   1.724   1.724   6.658   0.003   0.000   -0.003   -0.009   -0.013   0.012   -0.003     0   0.112   0.415
263.0     0.0     0.0   0.192   0.028   0.030   0.250   0.851   1.724   1.724   6.653   0.002   0.000   -0.003   -0.009   -0.013   0.011   -0.003     0   0.112   0.410

|     |I (umol/m2 s) |         Biomass (g/L)         |      Compounds (mM)   |        |                      Rates (mmol/gDW h)                 |     |
 Time   intI   extI      X      TAG     STA      XT      N       C       O       Qn     rx     rTAG     rSTA   rN_kin     rN       rC      rO2     AI      LR      SP
264.0   183.5     0.0   0.193   0.028   0.029   0.250   0.849   1.724   1.724   6.649   0.000   0.000   0.001   -0.010   -0.002   -0.050   0.054    11   0.112   0.405
265.0   184.1     0.0   0.193   0.028   0.029   0.250   0.848   1.724   1.724   6.657   0.000   0.000   0.001   -0.009   -0.002   -0.051   0.054    11   0.112   0.400
266.0   184.7     0.0   0.193   0.028   0.029   0.251   0.846   1.724   1.724   6.663   0.000   0.000   0.001   -0.009   -0.002   -0.050   0.054    11   0.112   0.401
267.0   185.3     0.0   0.193   0.028   0.030   0.251   0.844   1.724   1.724   6.669   0.000   0.000   0.001   -0.008   -0.002   -0.050   0.053    11   0.112   0.402
268.0   185.9     0.0   0.193   0.028   0.030   0.251   0.843   1.724   1.724   6.675   0.000   0.000   0.001   -0.008   -0.002   -0.050   0.053     9   0.111   0.403
269.0   186.5     0.0   0.193   0.028   0.030   0.251   0.841   1.724   1.724   6.680   0.001   0.000   0.001   -0.007   -0.003   -0.056   0.059    13   0.111   0.404
270.0   187.1     0.0   0.193   0.028   0.030   0.252   0.840   1.724   1.724   6.685   0.001   0.000   0.001   -0.007   -0.003   -0.055   0.059    16   0.111   0.404
271.0   187.6     0.0   0.193   0.028   0.030   0.252   0.838   1.724   1.724   6.689   0.000   0.000   0.001   -0.007   -0.002   -0.048   0.051    11   0.111   0.405
272.0   188.2     0.0   0.194   0.028   0.030   0.252   0.837   1.724   1.724   6.693   0.000   0.000   0.001   -0.006   -0.002   -0.048   0.051    11   0.111   0.406
273.0   188.8     0.0   0.194   0.028   0.030   0.252   0.836   1.724   1.724   6.697   0.000   0.000   0.001   -0.006   -0.002   -0.048   0.051    10   0.111   0.407
274.0   189.4     0.0   0.194   0.028   0.031   0.253   0.835   1.724   1.724   6.701   0.000   0.000   0.001   -0.006   -0.002   -0.048   0.051     9   0.111   0.408
275.0   190.0     0.0   0.194   0.028   0.031   0.253   0.834   1.724   1.724   6.704   0.001   0.000   0.001   -0.005   -0.003   -0.054   0.057    14   0.111   0.409
276.0   190.6     0.0   0.194   0.028   0.031   0.253   0.833   1.724   1.724   6.707   0.000   0.000   0.001   -0.005   -0.002   -0.047   0.050    11   0.111   0.410
277.0   191.2     0.0   0.194   0.028   0.031   0.253   0.831   1.724   1.724   6.710   0.000   0.000   0.001   -0.005   -0.002   -0.047   0.050    11   0.111   0.411
278.0   191.8     0.0   0.194   0.028   0.031   0.254   0.831   1.724   1.724   6.712   0.000   0.000   0.001   -0.005   -0.002   -0.047   0.050    11   0.111   0.412
279.0   192.4     0.0   0.194   0.028   0.031   0.254   0.830   1.724   1.724   6.715   0.000   0.000   0.001   -0.005   -0.002   -0.046   0.050    10   0.111   0.412
280.0     0.0     0.0   0.194   0.028   0.031   0.254   0.829   1.724   1.724   6.717   0.003   0.000   -0.003   -0.004   -0.013   0.012   -0.003     0   0.111   0.413
281.0     0.0     0.0   0.195   0.028   0.031   0.254   0.828   1.724   1.724   6.708   0.003   0.000   -0.003   -0.005   -0.013   0.012   -0.003     0   0.111   0.414
282.0     0.0     0.0   0.195   0.028   0.030   0.254   0.827   1.724   1.724   6.700   0.002   0.000   -0.003   -0.006   -0.013   0.011   -0.003     0   0.111   0.409
283.0     0.0     0.0   0.196   0.028   0.030   0.254   0.826   1.724   1.724   6.693   0.002   0.000   -0.003   -0.006   -0.013   0.011   -0.003     0   0.111   0.404
284.0     0.0     0.0   0.196   0.028   0.029   0.254   0.824   1.724   1.724   6.686   0.002   0.000   -0.003   -0.007   -0.013   0.011   -0.003     0   0.111   0.399
285.0     0.0     0.0   0.197   0.028   0.028   0.254   0.823   1.724   1.724   6.680   0.002   0.000   -0.003   -0.007   -0.012   0.011   -0.003     0   0.111   0.394
286.0     0.0     0.0   0.197   0.028   0.028   0.253   0.822   1.724   1.724   6.675   0.002   0.000   -0.003   -0.008   -0.012   0.011   -0.003     0   0.111   0.389
287.0     0.0     0.0   0.198   0.028   0.027   0.253   0.820   1.724   1.724   6.670   0.002   0.000   -0.003   -0.008   -0.012   0.010   -0.003     0   0.112   0.385

|     |I (umol/m2 s) |         Biomass (g/L)         |      Compounds (mM)   |        |                      Rates (mmol/gDW h)                 |     |
 Time   intI   extI      X      TAG     STA      XT      N       C       O       Qn     rx     rTAG     rSTA   rN_kin     rN       rC      rO2     AI      LR      SP
288.0   192.9     0.0   0.198   0.029   0.027   0.253   0.819   1.724   1.724   6.666   0.000   0.000   0.000   -0.008   -0.001   -0.027   0.028     9   0.112   0.380
289.0   193.5     0.0   0.198   0.029   0.027   0.253   0.817   1.724   1.724   6.673   0.000   0.000   0.000   -0.008   -0.001   -0.030   0.031    13   0.111   0.376
290.0   194.1     0.0   0.198   0.029   0.027   0.254   0.816   1.724   1.724   6.679   0.000   0.000   0.000   -0.007   -0.001   -0.029   0.031    12   0.111   0.376
291.0   194.7     0.0   0.198   0.029   0.027   0.254   0.814   1.724   1.724   6.685   0.000   0.000   0.000   -0.007   -0.001   -0.029   0.030    14   0.111   0.377
292.0   195.3     0.0   0.198   0.029   0.027   0.254   0.813   1.724   1.724   6.690   0.000   0.000   0.000   -0.006   -0.001   -0.025   0.027    10   0.111   0.377
293.0   195.9     0.0   0.198   0.029   0.027   0.254   0.812   1.724   1.724   6.695   0.000   0.000   0.000   -0.006   -0.001   -0.025   0.027    10   0.111   0.378
294.0   196.5     0.0   0.198   0.029   0.027   0.254   0.810   1.724   1.724   6.700   0.000   0.000   0.000   -0.006   -0.001   -0.025   0.027    11   0.111   0.378
295.0   197.1     0.0   0.198   0.029   0.027   0.254   0.809   1.724   1.724   6.705   0.000   0.000   0.000   -0.005   -0.001   -0.025   0.027     9   0.111   0.379
296.0   197.6     0.0   0.198   0.029   0.027   0.254   0.808   1.724   1.724   6.709   0.000   0.000   0.000   -0.005   -0.001   -0.028   0.029    14   0.111   0.379
297.0   198.2     0.0   0.198   0.029   0.027   0.255   0.807   1.724   1.724   6.712   0.000   0.000   0.000   -0.005   -0.001   -0.024   0.026    11   0.111   0.380
298.0   198.8     0.0   0.199   0.029   0.028   0.255   0.806   1.724   1.724   6.716   0.000   0.000   0.000   -0.004   -0.001   -0.024   0.026    11   0.111   0.380
299.0   199.4     0.0   0.199   0.029   0.028   0.255   0.805   1.724   1.724   6.719   0.000   0.000   0.000   -0.004   -0.001   -0.024   0.026    10   0.111   0.381
f0

f0 =

   1.0482e+04

f0^-1

ans =

   9.5399e-05

report(solution0);
[Warning: Ignoring extra legend entries.] 
[> In <a href="matlab:matlab.internal.language.introspective.errorDocCallback('legend>set_children_and_strings', '/home/juan/MATLAB/R2018a/toolbox/matlab/scribe/legend.p', 646)" style="font-weight:bold">legend>set_children_and_strings</a> (<a href="matlab: opentoline('/home/juan/MATLAB/R2018a/toolbox/matlab/scribe/legend.p',646,0)">line 646</a>)
  In <a href="matlab:matlab.internal.language.introspective.errorDocCallback('legend>make_legend', '/home/juan/MATLAB/R2018a/toolbox/matlab/scribe/legend.p', 316)" style="font-weight:bold">legend>make_legend</a> (<a href="matlab: opentoline('/home/juan/MATLAB/R2018a/toolbox/matlab/scribe/legend.p',316,0)">line 316</a>)
  In <a href="matlab:matlab.internal.language.introspective.errorDocCallback('legend', '/home/juan/MATLAB/R2018a/toolbox/matlab/scribe/legend.p', 259)" style="font-weight:bold">legend</a> (<a href="matlab: opentoline('/home/juan/MATLAB/R2018a/toolbox/matlab/scribe/legend.p',259,0)">line 259</a>)
  In <a href="matlab:matlab.internal.language.introspective.errorDocCallback('primaryData', '/home/juan/thesis/photoBioreactor_v12/visualization/primaryData.m', 73)" style="font-weight:bold">primaryData</a> (<a href="matlab: opentoline('/home/juan/thesis/photoBioreactor_v12/visualization/primaryData.m',73,0)">line 73</a>)
  In <a href="matlab:matlab.internal.language.introspective.errorDocCallback('report', '/home/juan/thesis/photoBioreactor_v12/visualization/report.m', 8)" style="font-weight:bold">report</a> (<a href="matlab: opentoline('/home/juan/thesis/photoBioreactor_v12/visualization/report.m',8,0)">line 8</a>)] 
report(solution0);
[Warning: Ignoring extra legend entries.] 
[> In <a href="matlab:matlab.internal.language.introspective.errorDocCallback('legend>set_children_and_strings', '/home/juan/MATLAB/R2018a/toolbox/matlab/scribe/legend.p', 646)" style="font-weight:bold">legend>set_children_and_strings</a> (<a href="matlab: opentoline('/home/juan/MATLAB/R2018a/toolbox/matlab/scribe/legend.p',646,0)">line 646</a>)
  In <a href="matlab:matlab.internal.language.introspective.errorDocCallback('legend>make_legend', '/home/juan/MATLAB/R2018a/toolbox/matlab/scribe/legend.p', 316)" style="font-weight:bold">legend>make_legend</a> (<a href="matlab: opentoline('/home/juan/MATLAB/R2018a/toolbox/matlab/scribe/legend.p',316,0)">line 316</a>)
  In <a href="matlab:matlab.internal.language.introspective.errorDocCallback('legend', '/home/juan/MATLAB/R2018a/toolbox/matlab/scribe/legend.p', 259)" style="font-weight:bold">legend</a> (<a href="matlab: opentoline('/home/juan/MATLAB/R2018a/toolbox/matlab/scribe/legend.p',259,0)">line 259</a>)
  In <a href="matlab:matlab.internal.language.introspective.errorDocCallback('primaryData', '/home/juan/thesis/photoBioreactor_v12/visualization/primaryData.m', 73)" style="font-weight:bold">primaryData</a> (<a href="matlab: opentoline('/home/juan/thesis/photoBioreactor_v12/visualization/primaryData.m',73,0)">line 73</a>)
  In <a href="matlab:matlab.internal.language.introspective.errorDocCallback('report', '/home/juan/thesis/photoBioreactor_v12/visualization/report.m', 8)" style="font-weight:bold">report</a> (<a href="matlab: opentoline('/home/juan/thesis/photoBioreactor_v12/visualization/report.m',8,0)">line 8</a>)] 
edit lightProfile.m
edit intensityProf.m
clear
clc
run_kim_2015
ICITht	akg_c + icit_h 	<=>	akg_h + icit_c 
ICITht	akg_c + icit_h 	<=>	akg_h + icit_c 
[Warning: Using fixed time method] 
[> In <a href="matlab:matlab.internal.language.introspective.errorDocCallback('sFBA', '/home/juan/thesis/photoBioreactor_v12/calculation/sFBA.m', 42)" style="font-weight:bold">sFBA</a> (<a href="matlab: opentoline('/home/juan/thesis/photoBioreactor_v12/calculation/sFBA.m',42,0)">line 42</a>)
  In <a href="matlab:matlab.internal.language.introspective.errorDocCallback('run_kim_2015', '/home/juan/thesis/photoBioreactor_v12/cases/kim_2015/run_kim_2015.m', 7)" style="font-weight:bold">run_kim_2015</a> (<a href="matlab: opentoline('/home/juan/thesis/photoBioreactor_v12/cases/kim_2015/run_kim_2015.m',7,0)">line 7</a>)] 
{Operation terminated by user during <a href="matlab:matlab.internal.language.introspective.errorDocCallback('glpk', '/home/juan/cobratoolbox/external/base/solvers/glpkmex/glpk.m', 508)" style="font-weight:bold">glpk</a> (<a href="matlab: opentoline('/home/juan/cobratoolbox/external/base/solvers/glpkmex/glpk.m',508,0)">line 508</a>)


In <a href="matlab:matlab.internal.language.introspective.errorDocCallback('solveCobraLP>solveGlpk', '/home/juan/cobratoolbox/src/base/solvers/solveCobraLP.m', 1740)" style="font-weight:bold">solveCobraLP>solveGlpk</a> (<a href="matlab: opentoline('/home/juan/cobratoolbox/src/base/solvers/solveCobraLP.m',1740,0)">line 1740</a>)
[x,f,origStat,extra] = glpk(c,A,b,lb,ub,csense,[],osense,params);

In <a href="matlab:matlab.internal.language.introspective.errorDocCallback('solveCobraLP', '/home/juan/cobratoolbox/src/base/solvers/solveCobraLP.m', 500)" style="font-weight:bold">solveCobraLP</a> (<a href="matlab: opentoline('/home/juan/cobratoolbox/src/base/solvers/solveCobraLP.m',500,0)">line 500</a>)
        [x, f, y, w, stat, origStat] = solveGlpk(c, A, b, lb, ub, csense, osense, param);

In <a href="matlab:matlab.internal.language.introspective.errorDocCallback('optimizeCbModel', '/home/juan/cobratoolbox/src/analysis/FBA/optimizeCbModel.m', 347)" style="font-weight:bold">optimizeCbModel</a> (<a href="matlab: opentoline('/home/juan/cobratoolbox/src/analysis/FBA/optimizeCbModel.m',347,0)">line 347</a>)
    solution = solveCobraLP(LPproblem);

In <a href="matlab:matlab.internal.language.introspective.errorDocCallback('FBAcalc', '/home/juan/thesis/photoBioreactor_v12/calculation/FBAcalc.m', 60)" style="font-weight:bold">FBAcalc</a> (<a href="matlab: opentoline('/home/juan/thesis/photoBioreactor_v12/calculation/FBAcalc.m',60,0)">line 60</a>)
            localFBA = optimizeCbModel(changeObjective(model,PBR.methods.objectiveFunctionStarch));

In <a href="matlab:matlab.internal.language.introspective.errorDocCallback('sFBA', '/home/juan/thesis/photoBioreactor_v12/calculation/sFBA.m', 69)" style="font-weight:bold">sFBA</a> (<a href="matlab: opentoline('/home/juan/thesis/photoBioreactor_v12/calculation/sFBA.m',69,0)">line 69</a>)
    solution = FBAcalc(PBR,solution);

In <a href="matlab:matlab.internal.language.introspective.errorDocCallback('run_kim_2015', '/home/juan/thesis/photoBioreactor_v12/cases/kim_2015/run_kim_2015.m', 7)" style="font-weight:bold">run_kim_2015</a> (<a href="matlab: opentoline('/home/juan/thesis/photoBioreactor_v12/cases/kim_2015/run_kim_2015.m',7,0)">line 7</a>)
solution = sFBA(PBR,'printLevel',1,'fixedTime',1);
} 
edit data_kim_2015.m
edit run_kim_2015.m
run_kim_2015
ICITht	akg_c + icit_h 	<=>	akg_h + icit_c 
ICITht	akg_c + icit_h 	<=>	akg_h + icit_c 
[Warning: Using fixed time method] 
[> In <a href="matlab:matlab.internal.language.introspective.errorDocCallback('sFBA', '/home/juan/thesis/photoBioreactor_v12/calculation/sFBA.m', 42)" style="font-weight:bold">sFBA</a> (<a href="matlab: opentoline('/home/juan/thesis/photoBioreactor_v12/calculation/sFBA.m',42,0)">line 42</a>)
  In <a href="matlab:matlab.internal.language.introspective.errorDocCallback('run_kim_2015', '/home/juan/thesis/photoBioreactor_v12/cases/kim_2015/run_kim_2015.m', 7)" style="font-weight:bold">run_kim_2015</a> (<a href="matlab: opentoline('/home/juan/thesis/photoBioreactor_v12/cases/kim_2015/run_kim_2015.m',7,0)">line 7</a>)] 
{Operation terminated by user during <a href="matlab:matlab.internal.language.introspective.errorDocCallback('glpk', '/home/juan/cobratoolbox/external/base/solvers/glpkmex/glpk.m', 508)" style="font-weight:bold">glpk</a> (<a href="matlab: opentoline('/home/juan/cobratoolbox/external/base/solvers/glpkmex/glpk.m',508,0)">line 508</a>)


In <a href="matlab:matlab.internal.language.introspective.errorDocCallback('solveCobraLP>solveGlpk', '/home/juan/cobratoolbox/src/base/solvers/solveCobraLP.m', 1740)" style="font-weight:bold">solveCobraLP>solveGlpk</a> (<a href="matlab: opentoline('/home/juan/cobratoolbox/src/base/solvers/solveCobraLP.m',1740,0)">line 1740</a>)
[x,f,origStat,extra] = glpk(c,A,b,lb,ub,csense,[],osense,params);

In <a href="matlab:matlab.internal.language.introspective.errorDocCallback('solveCobraLP', '/home/juan/cobratoolbox/src/base/solvers/solveCobraLP.m', 500)" style="font-weight:bold">solveCobraLP</a> (<a href="matlab: opentoline('/home/juan/cobratoolbox/src/base/solvers/solveCobraLP.m',500,0)">line 500</a>)
        [x, f, y, w, stat, origStat] = solveGlpk(c, A, b, lb, ub, csense, osense, param);

In <a href="matlab:matlab.internal.language.introspective.errorDocCallback('optimizeCbModel', '/home/juan/cobratoolbox/src/analysis/FBA/optimizeCbModel.m', 347)" style="font-weight:bold">optimizeCbModel</a> (<a href="matlab: opentoline('/home/juan/cobratoolbox/src/analysis/FBA/optimizeCbModel.m',347,0)">line 347</a>)
    solution = solveCobraLP(LPproblem);

In <a href="matlab:matlab.internal.language.introspective.errorDocCallback('FBAcalc', '/home/juan/thesis/photoBioreactor_v12/calculation/FBAcalc.m', 93)" style="font-weight:bold">FBAcalc</a> (<a href="matlab: opentoline('/home/juan/thesis/photoBioreactor_v12/calculation/FBAcalc.m',93,0)">line 93</a>)
                localFBA = optimizeCbModel(changeObjective(model,PBR.methods.objectiveFunctionStarch));

In <a href="matlab:matlab.internal.language.introspective.errorDocCallback('sFBA', '/home/juan/thesis/photoBioreactor_v12/calculation/sFBA.m', 69)" style="font-weight:bold">sFBA</a> (<a href="matlab: opentoline('/home/juan/thesis/photoBioreactor_v12/calculation/sFBA.m',69,0)">line 69</a>)
    solution = FBAcalc(PBR,solution);

In <a href="matlab:matlab.internal.language.introspective.errorDocCallback('run_kim_2015', '/home/juan/thesis/photoBioreactor_v12/cases/kim_2015/run_kim_2015.m', 7)" style="font-weight:bold">run_kim_2015</a> (<a href="matlab: opentoline('/home/juan/thesis/photoBioreactor_v12/cases/kim_2015/run_kim_2015.m',7,0)">line 7</a>)
solution = sFBA(PBR,'printLevel',1,'fixedTime',0);
} 
run_kim_2015
ICITht	akg_c + icit_h 	<=>	akg_h + icit_c 
ICITht	akg_c + icit_h 	<=>	akg_h + icit_c 
[Warning: Using fixed time method] 
[> In <a href="matlab:matlab.internal.language.introspective.errorDocCallback('sFBA', '/home/juan/thesis/photoBioreactor_v12/calculation/sFBA.m', 42)" style="font-weight:bold">sFBA</a> (<a href="matlab: opentoline('/home/juan/thesis/photoBioreactor_v12/calculation/sFBA.m',42,0)">line 42</a>)
  In <a href="matlab:matlab.internal.language.introspective.errorDocCallback('run_kim_2015', '/home/juan/thesis/photoBioreactor_v12/cases/kim_2015/run_kim_2015.m', 7)" style="font-weight:bold">run_kim_2015</a> (<a href="matlab: opentoline('/home/juan/thesis/photoBioreactor_v12/cases/kim_2015/run_kim_2015.m',7,0)">line 7</a>)] 
{Operation terminated by user during <a href="matlab:matlab.internal.language.introspective.errorDocCallback('glpk', '/home/juan/cobratoolbox/external/base/solvers/glpkmex/glpk.m', 508)" style="font-weight:bold">glpk</a> (<a href="matlab: opentoline('/home/juan/cobratoolbox/external/base/solvers/glpkmex/glpk.m',508,0)">line 508</a>)


In <a href="matlab:matlab.internal.language.introspective.errorDocCallback('solveCobraLP>solveGlpk', '/home/juan/cobratoolbox/src/base/solvers/solveCobraLP.m', 1740)" style="font-weight:bold">solveCobraLP>solveGlpk</a> (<a href="matlab: opentoline('/home/juan/cobratoolbox/src/base/solvers/solveCobraLP.m',1740,0)">line 1740</a>)
[x,f,origStat,extra] = glpk(c,A,b,lb,ub,csense,[],osense,params);

In <a href="matlab:matlab.internal.language.introspective.errorDocCallback('solveCobraLP', '/home/juan/cobratoolbox/src/base/solvers/solveCobraLP.m', 500)" style="font-weight:bold">solveCobraLP</a> (<a href="matlab: opentoline('/home/juan/cobratoolbox/src/base/solvers/solveCobraLP.m',500,0)">line 500</a>)
        [x, f, y, w, stat, origStat] = solveGlpk(c, A, b, lb, ub, csense, osense, param);

In <a href="matlab:matlab.internal.language.introspective.errorDocCallback('optimizeCbModel', '/home/juan/cobratoolbox/src/analysis/FBA/optimizeCbModel.m', 347)" style="font-weight:bold">optimizeCbModel</a> (<a href="matlab: opentoline('/home/juan/cobratoolbox/src/analysis/FBA/optimizeCbModel.m',347,0)">line 347</a>)
    solution = solveCobraLP(LPproblem);

In <a href="matlab:matlab.internal.language.introspective.errorDocCallback('FBAcalc', '/home/juan/thesis/photoBioreactor_v12/calculation/FBAcalc.m', 60)" style="font-weight:bold">FBAcalc</a> (<a href="matlab: opentoline('/home/juan/thesis/photoBioreactor_v12/calculation/FBAcalc.m',60,0)">line 60</a>)
            localFBA = optimizeCbModel(changeObjective(model,PBR.methods.objectiveFunctionStarch));

In <a href="matlab:matlab.internal.language.introspective.errorDocCallback('sFBA', '/home/juan/thesis/photoBioreactor_v12/calculation/sFBA.m', 69)" style="font-weight:bold">sFBA</a> (<a href="matlab: opentoline('/home/juan/thesis/photoBioreactor_v12/calculation/sFBA.m',69,0)">line 69</a>)
    solution = FBAcalc(PBR,solution);

In <a href="matlab:matlab.internal.language.introspective.errorDocCallback('run_kim_2015', '/home/juan/thesis/photoBioreactor_v12/cases/kim_2015/run_kim_2015.m', 7)" style="font-weight:bold">run_kim_2015</a> (<a href="matlab: opentoline('/home/juan/thesis/photoBioreactor_v12/cases/kim_2015/run_kim_2015.m',7,0)">line 7</a>)
solution = sFBA(PBR,'printLevel',1,'fixedTime',0);
} 
clear
cl
{Undefined function or variable 'cl'.
} 
clc
run_kim_2015
ICITht	akg_c + icit_h 	<=>	akg_h + icit_c 
ICITht	akg_c + icit_h 	<=>	akg_h + icit_c 
[Warning: Using fixed time method] 
[> In <a href="matlab:matlab.internal.language.introspective.errorDocCallback('sFBA', '/home/juan/thesis/photoBioreactor_v12/calculation/sFBA.m', 42)" style="font-weight:bold">sFBA</a> (<a href="matlab: opentoline('/home/juan/thesis/photoBioreactor_v12/calculation/sFBA.m',42,0)">line 42</a>)
  In <a href="matlab:matlab.internal.language.introspective.errorDocCallback('run_kim_2015', '/home/juan/thesis/photoBioreactor_v12/cases/kim_2015/run_kim_2015.m', 7)" style="font-weight:bold">run_kim_2015</a> (<a href="matlab: opentoline('/home/juan/thesis/photoBioreactor_v12/cases/kim_2015/run_kim_2015.m',7,0)">line 7</a>)] 
{Operation terminated by user during <a href="matlab:matlab.internal.language.introspective.errorDocCallback('glpk', '/home/juan/cobratoolbox/external/base/solvers/glpkmex/glpk.m', 372)" style="font-weight:bold">glpk</a> (<a href="matlab: opentoline('/home/juan/cobratoolbox/external/base/solvers/glpkmex/glpk.m',372,0)">line 372</a>)


In <a href="matlab:matlab.internal.language.introspective.errorDocCallback('solveCobraLP>solveGlpk', '/home/juan/cobratoolbox/src/base/solvers/solveCobraLP.m', 1740)" style="font-weight:bold">solveCobraLP>solveGlpk</a> (<a href="matlab: opentoline('/home/juan/cobratoolbox/src/base/solvers/solveCobraLP.m',1740,0)">line 1740</a>)
[x,f,origStat,extra] = glpk(c,A,b,lb,ub,csense,[],osense,params);

In <a href="matlab:matlab.internal.language.introspective.errorDocCallback('solveCobraLP', '/home/juan/cobratoolbox/src/base/solvers/solveCobraLP.m', 500)" style="font-weight:bold">solveCobraLP</a> (<a href="matlab: opentoline('/home/juan/cobratoolbox/src/base/solvers/solveCobraLP.m',500,0)">line 500</a>)
        [x, f, y, w, stat, origStat] = solveGlpk(c, A, b, lb, ub, csense, osense, param);

In <a href="matlab:matlab.internal.language.introspective.errorDocCallback('optimizeCbModel', '/home/juan/cobratoolbox/src/analysis/FBA/optimizeCbModel.m', 347)" style="font-weight:bold">optimizeCbModel</a> (<a href="matlab: opentoline('/home/juan/cobratoolbox/src/analysis/FBA/optimizeCbModel.m',347,0)">line 347</a>)
    solution = solveCobraLP(LPproblem);

In <a href="matlab:matlab.internal.language.introspective.errorDocCallback('FBAcalc', '/home/juan/thesis/photoBioreactor_v12/calculation/FBAcalc.m', 82)" style="font-weight:bold">FBAcalc</a> (<a href="matlab: opentoline('/home/juan/thesis/photoBioreactor_v12/calculation/FBAcalc.m',82,0)">line 82</a>)
                biomassFBA = optimizeCbModel(changeObjective(model,PBR.methods.biomassReaction));

In <a href="matlab:matlab.internal.language.introspective.errorDocCallback('sFBA', '/home/juan/thesis/photoBioreactor_v12/calculation/sFBA.m', 69)" style="font-weight:bold">sFBA</a> (<a href="matlab: opentoline('/home/juan/thesis/photoBioreactor_v12/calculation/sFBA.m',69,0)">line 69</a>)
    solution = FBAcalc(PBR,solution);

In <a href="matlab:matlab.internal.language.introspective.errorDocCallback('run_kim_2015', '/home/juan/thesis/photoBioreactor_v12/cases/kim_2015/run_kim_2015.m', 7)" style="font-weight:bold">run_kim_2015</a> (<a href="matlab: opentoline('/home/juan/thesis/photoBioreactor_v12/cases/kim_2015/run_kim_2015.m',7,0)">line 7</a>)
solution = sFBA(PBR,'printLevel',1,'fixedTime',0);
} 
run_kim_2015
ICITht	akg_c + icit_h 	<=>	akg_h + icit_c 
ICITht	akg_c + icit_h 	<=>	akg_h + icit_c 

|     |I (umol/m2 s) |         Biomass (g/L)         |      Compounds (mM)   |        |                      Rates (mmol/gDW h)                 |     |
 Time   intI   extI      X      TAG     STA      XT      N       C       O       Qn     rx     rTAG     rSTA   rN_kin     rN       rC      rO2     AI      LR      SP
  0.0     0.0   848.0   0.070   0.015   0.015   0.100   1.514   1.724   1.724   6.500   0.000   0.003   0.134   -0.033   0.000   -5.145   5.210    10   0.041   0.000
  1.0     0.0   848.0   0.070   0.015   0.024   0.110   1.511   1.364   1.724   6.533   0.033   0.000   0.025   -0.029   -0.171   -2.173   2.304    10   0.002   0.577
  2.0     0.0   848.0   0.072   0.015   0.026   0.114   1.509   1.702   1.724   6.391   0.025   0.000   0.008   -0.046   -0.127   -1.227   1.260    11   0.004   0.761
  3.0     0.0   848.0   0.074   0.015   0.027   0.116   1.506   1.643   1.724   6.309   0.024   0.000   0.007   -0.055   -0.124   -1.186   1.270    11   0.006   0.769
  4.0     0.0   848.0   0.076   0.015   0.027   0.118   1.502   1.665   1.724   6.240   0.025   0.000   0.008   -0.063   -0.127   -1.228   1.314    11   0.008   0.761
  5.0     0.0   848.0   0.078   0.015   0.028   0.121   1.497   1.652   1.724   6.176   0.025   0.000   0.008   -0.070   -0.129   -1.269   1.341    10   0.010   0.753
  6.0     0.0   848.0   0.080   0.015   0.029   0.123   1.492   1.651   1.724   6.117   0.026   0.000   0.009   -0.077   -0.132   -1.307   1.413    10   0.012   0.746
  7.0     0.0   848.0   0.082   0.015   0.029   0.126   1.486   1.646   1.724   6.063   0.026   0.000   0.009   -0.083   -0.134   -1.343   1.452    10   0.014   0.739
  8.0     0.0   848.0   0.084   0.015   0.030   0.129   1.479   1.642   1.724   6.012   0.026   0.000   0.010   -0.089   -0.135   -1.376   1.457    10   0.016   0.732
  9.0     0.0   848.0   0.086   0.015   0.031   0.132   1.471   1.638   1.724   5.965   0.027   0.000   0.010   -0.094   -0.137   -1.405   1.489    11   0.018   0.726
 10.0     0.0   848.0   0.088   0.015   0.032   0.135   1.463   1.634   1.724   5.922   0.027   0.000   0.011   -0.098   -0.138   -1.432   1.518    11   0.020   0.721
 11.0     0.0   848.0   0.091   0.015   0.033   0.139   1.455   1.630   1.724   5.882   0.027   0.000   0.011   -0.102   -0.139   -1.456   1.561    11   0.022   0.716
 12.0     0.0   848.0   0.093   0.015   0.034   0.142   1.445   1.626   1.724   5.845   0.027   0.001   0.011   -0.106   -0.140   -1.478   1.571    10   0.023   0.712
 13.0     0.0   848.0   0.096   0.015   0.035   0.146   1.435   1.622   1.724   5.811   0.027   0.001   0.012   -0.109   -0.141   -1.497   1.592    11   0.025   0.708
 14.0     0.0   848.0   0.098   0.016   0.036   0.150   1.425   1.618   1.724   5.779   0.028   0.001   0.012   -0.112   -0.142   -1.514   1.597    11   0.027   0.705
 15.0     0.0   848.0   0.101   0.016   0.037   0.154   1.414   1.614   1.724   5.749   0.028   0.001   0.012   -0.115   -0.142   -1.529   1.612    10   0.028   0.702
 16.0     0.0     0.0   0.104   0.016   0.038   0.158   1.402   1.609   1.724   5.722   0.005   0.000   -0.006   -0.117   -0.029   0.020   -0.006     0   0.030   0.699
 17.0     0.0     0.0   0.104   0.016   0.037   0.158   1.390   1.768   1.724   5.811   0.005   0.000   -0.006   -0.107   -0.029   0.020   -0.006     0   0.025   0.697
 18.0     0.0     0.0   0.105   0.016   0.037   0.157   1.379   1.711   1.724   5.889   0.005   0.000   -0.006   -0.098   -0.028   0.019   -0.006     0   0.021   0.685
 19.0     0.0     0.0   0.106   0.016   0.036   0.157   1.369   1.731   1.724   5.958   0.005   0.000   -0.006   -0.089   -0.028   0.019   -0.006     0   0.018   0.673
 20.0     0.0     0.0   0.106   0.016   0.036   0.157   1.359   1.724   1.724   6.020   0.005   0.000   -0.006   -0.082   -0.027   0.019   -0.006     0   0.015   0.662
 21.0     0.0     0.0   0.107   0.016   0.035   0.157   1.351   1.726   1.724   6.075   0.005   0.000   -0.006   -0.076   -0.027   0.018   -0.006     0   0.013   0.650
 22.0     0.0     0.0   0.107   0.016   0.034   0.157   1.342   1.725   1.724   6.124   0.005   0.000   -0.006   -0.070   -0.026   0.018   -0.006     0   0.011   0.639
 23.0     0.0     0.0   0.108   0.016   0.034   0.157   1.335   1.726   1.724   6.169   0.005   0.000   -0.005   -0.065   -0.026   0.017   -0.005     0   0.010   0.629

|     |I (umol/m2 s) |         Biomass (g/L)         |      Compounds (mM)   |        |                      Rates (mmol/gDW h)                 |     |
 Time   intI   extI      X      TAG     STA      XT      N       C       O       Qn     rx     rTAG     rSTA   rN_kin     rN       rC      rO2     AI      LR      SP
 24.0     0.0   848.0   0.108   0.016   0.033   0.157   1.328   1.725   1.724   6.208   0.032   0.000   0.020   -0.061   -0.164   -1.956   2.088    10   0.009   0.618
 25.0     0.0   848.0   0.112   0.016   0.035   0.163   1.321   1.512   1.724   6.105   0.032   0.000   0.021   -0.071   -0.165   -2.005   2.121    11   0.012   0.608
 26.0     0.0   848.0   0.115   0.016   0.038   0.169   1.313   1.577   1.724   6.012   0.032   0.000   0.020   -0.081   -0.163   -1.966   2.082    12   0.016   0.616
 27.0     0.0   848.0   0.119   0.016   0.040   0.175   1.304   1.551   1.724   5.930   0.031   0.001   0.019   -0.089   -0.161   -1.920   2.036    11   0.019   0.625
 28.0     0.0   848.0   0.123   0.016   0.042   0.181   1.293   1.558   1.724   5.859   0.031   0.001   0.018   -0.096   -0.159   -1.880   2.013    12   0.023   0.632
 29.0     0.0   848.0   0.126   0.016   0.045   0.187   1.282   1.553   1.724   5.796   0.030   0.001   0.018   -0.102   -0.157   -1.846   1.980    11   0.026   0.639
 30.0     0.0   848.0   0.130   0.016   0.047   0.193   1.269   1.552   1.724   5.741   0.030   0.001   0.017   -0.107   -0.155   -1.816   1.951    11   0.029   0.644
{Operation terminated by user during <a href="matlab:matlab.internal.language.introspective.errorDocCallback('glpk', '/home/juan/cobratoolbox/external/base/solvers/glpkmex/glpk.m', 508)" style="font-weight:bold">glpk</a> (<a href="matlab: opentoline('/home/juan/cobratoolbox/external/base/solvers/glpkmex/glpk.m',508,0)">line 508</a>)


In <a href="matlab:matlab.internal.language.introspective.errorDocCallback('solveCobraLP>solveGlpk', '/home/juan/cobratoolbox/src/base/solvers/solveCobraLP.m', 1740)" style="font-weight:bold">solveCobraLP>solveGlpk</a> (<a href="matlab: opentoline('/home/juan/cobratoolbox/src/base/solvers/solveCobraLP.m',1740,0)">line 1740</a>)
[x,f,origStat,extra] = glpk(c,A,b,lb,ub,csense,[],osense,params);

In <a href="matlab:matlab.internal.language.introspective.errorDocCallback('solveCobraLP', '/home/juan/cobratoolbox/src/base/solvers/solveCobraLP.m', 500)" style="font-weight:bold">solveCobraLP</a> (<a href="matlab: opentoline('/home/juan/cobratoolbox/src/base/solvers/solveCobraLP.m',500,0)">line 500</a>)
        [x, f, y, w, stat, origStat] = solveGlpk(c, A, b, lb, ub, csense, osense, param);

In <a href="matlab:matlab.internal.language.introspective.errorDocCallback('optimizeCbModel', '/home/juan/cobratoolbox/src/analysis/FBA/optimizeCbModel.m', 347)" style="font-weight:bold">optimizeCbModel</a> (<a href="matlab: opentoline('/home/juan/cobratoolbox/src/analysis/FBA/optimizeCbModel.m',347,0)">line 347</a>)
    solution = solveCobraLP(LPproblem);

In <a href="matlab:matlab.internal.language.introspective.errorDocCallback('FBAcalc', '/home/juan/thesis/photoBioreactor_v12/calculation/FBAcalc.m', 93)" style="font-weight:bold">FBAcalc</a> (<a href="matlab: opentoline('/home/juan/thesis/photoBioreactor_v12/calculation/FBAcalc.m',93,0)">line 93</a>)
                localFBA = optimizeCbModel(changeObjective(model,PBR.methods.objectiveFunctionStarch));

In <a href="matlab:matlab.internal.language.introspective.errorDocCallback('sFBA', '/home/juan/thesis/photoBioreactor_v12/calculation/sFBA.m', 69)" style="font-weight:bold">sFBA</a> (<a href="matlab: opentoline('/home/juan/thesis/photoBioreactor_v12/calculation/sFBA.m',69,0)">line 69</a>)
    solution = FBAcalc(PBR,solution);

In <a href="matlab:matlab.internal.language.introspective.errorDocCallback('run_kim_2015', '/home/juan/thesis/photoBioreactor_v12/cases/kim_2015/run_kim_2015.m', 7)" style="font-weight:bold">run_kim_2015</a> (<a href="matlab: opentoline('/home/juan/thesis/photoBioreactor_v12/cases/kim_2015/run_kim_2015.m',7,0)">line 7</a>)
solution = sFBA(PBR,'printLevel',1,'fixedTime',0);
} 
data_opt_unal
{Undefined operator ':' for input arguments of type 'tf'.

Error in <a href="matlab:matlab.internal.language.introspective.errorDocCallback('data_opt_unal', '/home/juan/thesis/photoBioreactor_v12/optimization/data_opt_unal.m', 96)" style="font-weight:bold">data_opt_unal</a> (<a href="matlab: opentoline('/home/juan/thesis/photoBioreactor_v12/optimization/data_opt_unal.m',96,0)">line 96</a>)
tspan = t0:dt:tf;
} 
tf = 300

tf =

   300

data_opt_unal
{Undefined function or variable 'initialIntI0'.

Error in <a href="matlab:matlab.internal.language.introspective.errorDocCallback('data_opt_unal', '/home/juan/thesis/photoBioreactor_v12/optimization/data_opt_unal.m', 252)" style="font-weight:bold">data_opt_unal</a> (<a href="matlab: opentoline('/home/juan/thesis/photoBioreactor_v12/optimization/data_opt_unal.m',252,0)">line 252</a>)
[intI0profile,lightCondProfile] = lightProfile(tspan,initialIntI0,finalIntI0,internalLightStrategy,lightp,b); %
uE/m2-s;
} 
lightp = 16;
initialIntI0 = 80;
finalIntI0 = 200;
tf = 300;
b_exp = 1;
data_opt_unal
{Undefined function or variable 'b'.

Error in <a href="matlab:matlab.internal.language.introspective.errorDocCallback('data_opt_unal', '/home/juan/thesis/photoBioreactor_v12/optimization/data_opt_unal.m', 252)" style="font-weight:bold">data_opt_unal</a> (<a href="matlab: opentoline('/home/juan/thesis/photoBioreactor_v12/optimization/data_opt_unal.m',252,0)">line 252</a>)
[intI0profile,lightCondProfile] = lightProfile(tspan,initialIntI0,finalIntI0,internalLightStrategy,lightp,b); %
uE/m2-s;
} 
b = b_exp

b =

     1

data_opt_unal
load('partial_PBR.mat')
report(solution0);
{Undefined function or variable 'solution0'.
} 
report(solution);
intensityProf(solution.PBR,solution,1);
edit intensityProf.m
intensityProf(solution.PBR,solution,1);
{Undefined function or variable 'maxU'.

Error in <a href="matlab:matlab.internal.language.introspective.errorDocCallback('intensityProf', '/home/juan/thesis/photoBioreactor_v12/light/intensityProf.m', 71)" style="font-weight:bold">intensityProf</a> (<a href="matlab: opentoline('/home/juan/thesis/photoBioreactor_v12/light/intensityProf.m',71,0)">line 71</a>)
        numI = floor(10.^([0:(maxU-0)/100:maxU]));
} 
intensityProf(solution.PBR,solution,1);
intensityProf(solution.PBR,solution,1);
intensityProf(solution.PBR,solution,1);
intensityProf(solution.PBR,solution,1);
edit reactorData.m
edit reactorData.m
clear
clc
%%
clear
logFile = 'reglog_opt.txt';
delete(logFile)
diary(logFile)
